-0.005008595529943705
-0.004616155754774809
-0.012617935426533222
-0.042410098016262054
-0.013176663778722286
0.012844087556004524
-0.0008127327309921384
-0.011447268538177013
-0.020899079740047455
-0.04368719086050987
0.004779118113219738
0.004539663437753916
0.005577300675213337
-0.0016853292472660542
-0.008427477441728115
0.01601686328649521
0.031208937987685204
-0.02721802517771721
-0.002871794393286109
0.004719254560768604
0.005896573420614004
0.01744028925895691
-0.019103169441223145
0.03054378554224968
-0.007090521510690451
0.0058067780919373035
0.00445319339632988
-0.03945682570338249
-0.003402253147214651
0.011746586300432682
0.0024261423386633396
-0.01612328737974167
-0.00647193007171154
-0.023692719638347626
-0.03469433635473251
0.004848958924412727
0.010203433223068714
-0.009704569354653358
0.03762100264430046
-0.0021467783953994513
0.0006244115647859871
0.002996510360389948
-0.011926177889108658
-0.006189240608364344
0.007509567309170961
0.02065962553024292
0.03504021465778351
-0.016349438577890396
-0.018943533301353455
0.024384476244449615
0.013189966790378094
0.04153209924697876
0.009624751284718513
0.00016597624926362187
0.01096170675009489
-0.014207649044692516
-0.004386678338050842
0.03408239409327507
-0.009571539238095284
0.003655010834336281
0.007024006452411413
-0.017200833186507225
-0.030091483145952225
0.011174555867910385
-0.026619387790560722
0.01633613556623459
-0.014792983420193195
0.020327048376202583
-0.02546202391386032
-0.009744478389620781
0.022043142467737198
0.02234911173582077
0.001110804034397006
-0.012757617980241776
0.003186078742146492
-0.018890321254730225
-0.018318289890885353
-0.001928941230289638
-0.015883833169937134
0.00343551067635417
0.0254221148788929
-0.002515937900170684
-0.02631341852247715
0.014061315916478634
0.03724851831793785
0.007449703756719828
0.008048340678215027
0.03948343172669411
0.008806614205241203
-0.018477926030755043
-0.005560671910643578
0.022867931053042412
0.009791038930416107
0.019568774849176407
-0.015524650923907757
0.0014284142525866628
-0.03714209422469139
0.0615132674574852
0.03179427236318588
-0.0034454879350960255
0.0014874464832246304
-0.017892591655254364
-0.023918870836496353
-0.016415953636169434
0.005141626112163067
-0.020845867693424225
0.005457573104649782
0.002683888887986541
0.002582453191280365
-0.004373375326395035
0.012491556815803051
0.01717422716319561
0.014327377080917358
-0.041292645037174225
0.019582077860832214
-0.016934772953391075
0.0006497704889625311
-0.012112420052289963
-0.01591043919324875
-0.027803359553217888
-0.005411012563854456
0.04384682700037956
0.0251560527831316
0.007363234180957079
0.02631341852247715
-0.014606740325689316
-0.00758273433893919
-0.025289084762334824
-0.015391619876027107
-0.02409180998802185
0.03841918706893921
-0.001714429585263133
0.03184748440980911
0.014699862338602543
0.005637164227664471
0.02298765815794468
-0.009658008813858032
0.0004319331783335656
-0.02330693043768406
-0.039031125605106354
0.027404267340898514
0.0398293100297451
-0.024105112999677658
-0.023067476227879524
0.010183478705585003
0.008573810569941998
-0.008653629571199417
-0.001178982201963663
-0.00016639196837786585
0.004539663437753916
0.002198327798396349
-0.018983442336320877
0.006175937596708536
-0.005850012879818678
0.013389511965215206
0.0069641428999602795
-0.0012188912369310856
0.017520107328891754
-0.0006481076125055552
-0.006897627376019955
-0.022601868957281113
0.01944904774427414
-0.008992856368422508
0.008966250345110893
0.004150549415498972
0.01774625852704048
0.012325269170105457
-0.011739934794604778
-0.009904115460813046
-0.0001857229508459568
0.010263297706842422
0.02167065627872944
-0.010715601034462452
0.01605677232146263
0.0008318558684550226
0.016575591638684273
0.005480853375047445
-0.0032658970449119806
-0.033842939883470535
-0.0003169865522067994
-0.028574936091899872
-0.00019227054144721478
0.029346512630581856
0.048423074185848236
-0.0216041412204504
-0.003428859170526266
-0.022043142467737198
-0.013755345717072487
-0.014247559010982513
-0.010077054612338543
0.012012647464871407
0.01669531874358654
-0.004193784203380346
-0.022468838840723038
-0.6287550330162048
-0.013662224635481834
-0.0022731574717909098
-0.009957327507436275
-0.009039417840540409
-0.012864042073488235
0.016296226531267166
-0.009598145261406898
-0.020619716495275497
0.017254047095775604
-0.009238963015377522
0.01779947057366371
0.01738707721233368
-0.01471316535025835
0.007802234496921301
-0.009904115460813046
-0.010735555551946163
-0.013429421931505203
0.015418225899338722
-0.0001558950316393748
0.013043633662164211
0.014792983420193195
0.009152493439614773
0.012737663462758064
-0.007449703756719828
0.002271494595333934
0.009604796767234802
-0.0064120665192604065
0.012152329087257385
0.01344272494316101
-0.022947749122977257
0.023280324414372444
0.0190233513712883
0.007975174114108086
0.04339452460408211
-0.023027567192912102
-0.011287631466984749
0.04656064882874489
0.038286156952381134
0.03317778930068016
-0.023839052766561508
-0.02314729429781437
0.018304986879229546
-0.008028386160731316
-0.0022781461011618376
0.003941026516258717
0.02990523912012577
-0.008580462075769901
0.002963252831250429
0.013888376764953136
0.0009145842050202191
0.008447431959211826
-0.004799072630703449
0.00991076696664095
-0.013914982788264751
0.0007807223009876907
-0.005321217235177755
-0.02626020647585392
0.009092629887163639
0.0022099679335951805
0.006222498137503862
0.006215846631675959
0.004799072630703449
-0.036423731595277786
-0.03150160610675812
0.018637562170624733
0.008866477757692337
0.014154436998069286
-0.013376208953559399
-0.003837927710264921
-0.01923619955778122
0.03990912809967995
-0.037168700248003006
-0.0020403540693223476
0.005703679285943508
0.01294386014342308
0.0013194954954087734
0.0006846909527666867
0.008254538290202618
-0.004805724136531353
0.0032276506535708904
0.01442049816250801
-0.01374204270541668
-0.0008385073742829263
0.01038302481174469
-0.02963917888700962
-0.01838480494916439
-0.0033956016413867474
0.0037048973608762026
0.027643723413348198
0.01865086518228054
0.010742207057774067
0.027404267340898514
-0.0010542661184445024
-0.003277537180110812
0.025235870853066444
0.00044107899884693325
-0.00905937235802412
0.0035153289791196585
-0.017573319375514984
0.007569431327283382
-0.026912055909633636
0.023067476227879524
-0.011387404054403305
0.008580462075769901
0.0026240251027047634
-0.01442049816250801
0.025501932948827744
0.03461451828479767
-0.0323529988527298
-0.0005869967280887067
-0.01843801699578762
-0.014353983104228973
0.0035386092495173216
-0.02668590284883976
-0.013875073753297329
0.017360471189022064
0.007815537974238396
0.026127176359295845
0.007476309780031443
-0.00015631075075361878
0.006458627060055733
-0.0010193455964326859
-0.007682506926357746
0.018451320007443428
0.02615378238260746
0.0011249384842813015
-0.0015656017931178212
-0.02377253770828247
0.005264678969979286
0.0246239323168993
-0.009085978381335735
0.018358198925852776
-0.012724360451102257
0.027071692049503326
0.010170175693929195
0.017560016363859177
-0.00874675065279007
0.03261905908584595
-0.023107385262846947
-0.012378481216728687
-0.029080450534820557
0.013336299918591976
0.002803616225719452
-0.022854628041386604
-0.032885123044252396
-0.007709112949669361
-0.008760053664445877
-0.016136590391397476
0.021471111103892326
-0.009784387424588203
0.014779680408537388
-0.024663841351866722
0.0018158652819693089
-0.022801414132118225
-0.006897627376019955
-0.026725811883807182
0.01664210669696331
-0.01859765313565731
0.006897627376019955
0.0008788322447799146
0.019222896546125412
-0.025195961818099022
-0.023373445495963097
0.0016587231075391173
0.008380916900932789
-0.0024327938444912434
0.021072018891572952
-0.01975501887500286
-0.05073780566453934
-0.0045197089202702045
0.015537953935563564
-0.01125437393784523
0.016735227778553963
0.009318781085312366
0.011926177889108658
-0.009837600402534008
0.0036749655846506357
-0.0015356700168922544
0.00391109474003315
-0.0008879780652932823
-0.0029865331016480923
-0.012631239369511604
-0.0273776613175869
0.020938988775014877
0.01596365123987198
0.014566831290721893
-0.006175937596708536
0.00578349782153964
0.03275208920240402
0.007389840204268694
0.011906223371624947
0.019422441720962524
0.008254538290202618
-0.013369557447731495
0.03434845432639122
0.023280324414372444
0.0039177462458610535
-0.006405415013432503
0.02345326356589794
0.024756962433457375
0.009185750968754292
0.013555800542235374
-0.017466895282268524
-0.008221280761063099
-0.018943533301353455
0.033310819417238235
-0.03328421339392662
0.01833159290254116
-0.009252266027033329
0.024557417258620262
0.006585006136447191
-0.00154564727563411
0.004659390542656183
0.00400089006870985
0.0009021125733852386
-0.009199053980410099
0.0013652247143909335
-0.015484741888940334
-0.015152165666222572
0.011101389303803444
0.01323652733117342
0.01763983443379402
0.01299707219004631
-0.02014080621302128
0.004230367485433817
0.010216737166047096
-0.007808886002749205
-0.00458289822563529
-0.033257607370615005
-0.033896151930093765
-0.015138862654566765
0.02478356845676899
0.016442561522126198
0.0031045975629240274
-0.01966189779341221
0.009185750968754292
-0.017719652503728867
0.019675200805068016
-0.018198562785983086
0.005623861216008663
0.01596365123987198
0.028042813763022423
0.0020436798222362995
0.004493102431297302
-0.007389840204268694
0.015311801806092262
0.02119174599647522
-0.006132702808827162
0.0294263307005167
0.013522543013095856
0.0330713652074337
-0.01569759100675583
0.005251375958323479
0.0052048154175281525
0.011141298338770866
0.001884043449535966
0.02325371839106083
0.006811157800257206
0.03762100264430046
0.022694990038871765
-0.006754620000720024
0.014114527963101864
-0.012957163155078888
0.0063854604959487915
0.012804178521037102
-0.020686231553554535
-0.00784214399755001
0.0032525938004255295
0.00031989661511033773
-0.006591657642275095
-0.011793146841228008
-0.0028152563609182835
-0.006611612159758806
0.023333536460995674
-0.00834765937179327
-0.01027660071849823
-0.0069109308533370495
0.019994473084807396
0.00583670986816287
-0.038339368999004364
-0.010097009129822254
0.018664168193936348
0.026220297440886497
0.01088854018598795
-0.018624259158968925
-0.0156443789601326
-0.006767923012375832
-0.01912977546453476
0.012005995959043503
-0.018052229657769203
-0.0014092910569161177
0.013103497214615345
-0.02341335453093052
-0.019728412851691246
0.0006194229354150593
0.007376537192612886
-0.006757945753633976
-0.005081762094050646
0.01271105743944645
0.019049957394599915
-0.007722416426986456
-0.0065517486073076725
-0.0008780008065514266
0.047571681439876556
-0.020220624282956123
-0.0027470781933516264
0.0018391456687822938
-0.0030796544160693884
0.002773684449493885
0.0038745112251490355
0.02504962868988514
-0.014207649044692516
0.010057100094854832
-0.008520598523318768
0.0015664332313463092
0.01307689119130373
0.0022748203482478857
-0.018677471205592155
-0.037514578551054
0.011374101042747498
-0.04262294992804527
-0.006664824206382036
-0.004044124856591225
0.09093959629535675
-0.0006663993117399514
0.01452692225575447
0.03714209422469139
-0.01048944890499115
-0.006169286090880632
-0.0010550975566729903
-0.02552853897213936
0.019302714616060257
0.019010048359632492
0.012285360135138035
-0.010296555235981941
0.009591493755578995
0.00033049745252355933
0.030570391565561295
-0.026127176359295845
0.015338407829403877
-0.0005608063656836748
0.012864042073488235
-0.012232148088514805
0.0203536543995142
0.002359627280384302
-0.008015083149075508
0.053025927394628525
0.005484179127961397
-0.025328993797302246
0.026645993813872337
0.020114200189709663
0.0004196694353595376
0.0006352202617563307
-0.012385132722556591
0.009990585036575794
0.0149792255833745
0.027750147506594658
-0.007316673640161753
-0.014380589127540588
0.008520598523318768
-0.006787877529859543
0.011201161891222
-0.0016969693824648857
0.04057427868247032
0.01621640846133232
0.00016265048179775476
-0.012292011640965939
0.022575262933969498
-0.009990585036575794
-0.01605677232146263
0.021258262917399406
0.0058899219147861
-0.015777409076690674
0.022801414132118225
8.171497938747052e-06
0.0005238073063082993
-0.023586293682456017
0.01732056215405464
-0.01575080305337906
-0.006508513353765011
0.018717380240559578
-0.01717422716319561
-0.0252491757273674
-0.0161764994263649
-0.03136857599020004
0.007037309464067221
0.0022415625862777233
-0.03472094237804413
-0.010163524188101292
-0.030197907239198685
0.03613106533885002
-0.025767993181943893
0.016602197661995888
0.014247559010982513
-0.03530627489089966
0.015404922887682915
0.005713657010346651
0.003061362775042653
0.018717380240559578
0.02504962868988514
-0.0013377872528508306
-0.0038046701811254025
0.006568377371877432
-0.007908659055829048
-0.015551256947219372
-0.013702133670449257
-0.008952947333455086
0.01998117007315159
-0.008680235594511032
0.019542168825864792
-0.024025294929742813
-0.042250461876392365
0.016522379592061043
-0.010875237174332142
0.004170503932982683
0.0042137387208640575
-0.008341007865965366
-0.00022199451632332057
0.003668314078822732
-0.004789095371961594
0.0007836323347873986
0.0008143956656567752
0.0006643207161687315
0.013263133354485035
0.0007786437054164708
0.0021783732809126377
0.01247160229831934
0.01605677232146263
-0.010968358255922794
-0.01516546867787838
0.0011157926637679338
-0.037754036486148834
-0.0116002531722188
0.0004034563316963613
-0.02711160108447075
0.004310186021029949
-0.0033889501355588436
-0.00120891397818923
0.018132047727704048
0.02245553582906723
-0.00507178483530879
0.014939316548407078
-0.028016207739710808
-0.0034554654266685247
-0.023679416626691818
0.007256809622049332
0.03634391352534294
-0.023865658789873123
-0.0045729209668934345
-0.0129771176725626
0.004150549415498972
-0.001448368770070374
0.009817645885050297
0.021803686395287514
0.011972738429903984
0.002851839642971754
-0.01074885856360197
-0.019941261038184166
0.0017277327133342624
-0.01685495488345623
-0.0012920580338686705
-0.011952783912420273
-0.03195390850305557
0.003332412103191018
-0.011520435102283955
0.006538445595651865
-0.03820633888244629
0.005876618903130293
-0.0351998507976532
-0.001857437309809029
-0.002446096856147051
-0.009784387424588203
0.01669531874358654
-0.009019463323056698
0.007090521510690451
-0.004363398067653179
0.04041464254260063
-0.026805629953742027
-0.014380589127540588
-0.012338572181761265
-0.024065203964710236
0.034481488168239594
0.02700517699122429
0.03107590787112713
-0.007995128631591797
0.006142680067569017
0.0369824580848217
0.00414722366258502
-0.0012180597987025976
0.0015306813875213265
0.002007096540182829
-0.03589160740375519
0.03554572910070419
0.041611917316913605
0.03767421841621399
0.015591165982186794
0.00012627497198991477
-0.010702298022806644
0.026725811883807182
-0.003907768987119198
-0.006831112317740917
-0.0027171464171260595
-0.000700072618201375
-0.02167065627872944
-0.021364687010645866
0.0022099679335951805
0.016043469309806824
-0.04850289225578308
-0.011959435418248177
0.01556455995887518
0.008154764771461487
-0.0025275780353695154
0.0015481415903195739
0.0048722391948103905
-0.015192074701189995
0.033417243510484695
0.025648266077041626
-0.007795582991093397
-0.013103497214615345
0.007170340046286583
-0.008806614205241203
0.009804341942071915
-0.007941916584968567
-0.02900063246488571
-0.013901679776608944
-0.0007125441916286945
-0.008826568722724915
-0.02531569078564644
-0.009850903414189816
0.018943533301353455
-0.006904278881847858
-0.0049321032129228115
-0.030410755425691605
-0.030996089801192284
-0.02663269080221653
-0.01638934761285782
-0.03559894114732742
0.014287468045949936
0.01690816693007946
0.0053178914822638035
0.0330713652074337
-3.060739254578948e-05
-0.018424713984131813
-0.014646650291979313
-0.01971510984003544
0.01580401510000229
-0.030623603612184525
0.03488057851791382
0.03527966886758804
0.0037747384048998356
-0.03166124224662781
0.016801742836833
0.0004518877249211073
-0.007050612475723028
0.017613228410482407
0.023639507591724396
-0.00643534678965807
-0.014433801174163818
0.011786495335400105
0.02594093233346939
-0.022961052134633064
-0.020167412236332893
0.03456130623817444
0.020047685131430626
0.009591493755578995
-0.005497482139617205
-0.0015040752477943897
-0.03112911991775036
0.00819467380642891
0.003625079058110714
0.005095065105706453
-0.027244631201028824
-0.01007040310651064
-0.018730683252215385
0.004975338000804186
-0.0007649249746464193
-8.184488979168236e-05
0.020526595413684845
-0.02165735326707363
0.009744478389620781
-0.010848631151020527
-0.010050448589026928
0.0407073087990284
-0.018983442336320877
0.01505904458463192
-0.009524978697299957
-0.021018806844949722
-0.005713657010346651
0.005138300359249115
-0.013449376448988914
-0.0025674873031675816
-0.012172283604741096
0.018424713984131813
0.007163688540458679
-0.01928941160440445
0.0201807152479887
0.006757945753633976
0.022122960537672043
-0.010236691683530807
-0.0014059653040021658
0.000991076696664095
0.002539218170568347
-0.0048988452181220055
-0.004612830001860857
0.020899079740047455
-0.01591043919324875
-0.013941588811576366
-0.01733386516571045
-0.024983113631606102
0.015125559642910957
-0.0273776613175869
0.005138300359249115
0.011314237490296364
-0.027803359553217888
-0.0024943205062299967
0.01674853079020977
0.020633019506931305
-0.006119399797171354
-0.013150057755410671
0.01201929897069931
0.04666707292199135
-0.0471193753182888
0.002130149630829692
-0.013981497846543789
0.004004215821623802
-0.009019463323056698
0.00874675065279007
0.0064120665192604065
0.005244724452495575
0.020380260422825813
-0.0025259151589125395
-0.049168046563863754
-0.05198828876018524
0.0011947795283049345
0.01685495488345623
-0.0008264515199698508
-0.03283190727233887
0.005055156070739031
-0.008540553040802479
0.007090521510690451
-0.005876618903130293
-0.016948075965046883
0.026912055909633636
0.00017803211812861264
0.008154764771461487
0.022162869572639465
-0.03272548317909241
0.04030821844935417
0.033257607370615005
0.010928449220955372
0.002580790314823389
-0.03788706660270691
-0.007695809938013554
0.002777010202407837
0.013056936673820019
-0.014061315916478634
-0.0015148839447647333
-0.009624751284718513
-0.019834836944937706
0.0018025622703135014
0.01447371020913124
-0.004476473666727543
-0.009644705802202225
0.007835492491722107
0.008733447641134262
-0.014274165034294128
0.006944188382476568
0.009391947649419308
0.030570391565561295
-0.014008103869855404
-0.007715764921158552
-0.023386748507618904
0.00381797319278121
-0.03719530627131462
0.04044124856591225
-0.011693374253809452
-0.00047433661529794335
-0.023067476227879524
0.011786495335400105
-0.04687992110848427
-0.005690376274287701
-0.014300771057605743
0.015710894018411636
0.041452281177043915
-0.011334192007780075
0.016415953636169434
0.018145350739359856
0.01580401510000229
0.0048190271481871605
-0.026180388405919075
-0.028175843879580498
0.010762161575257778
-0.002850176766514778
0.024437690153717995
0.005291284993290901
-0.03392275795340538
2.7593419872573577e-05
0.018943533301353455
-0.011773192323744297
0.01596365123987198
0.023213809356093407
-0.025009719654917717
0.012737663462758064
0.0023080778773874044
0.017999015748500824
-0.013981497846543789
-0.02900063246488571
0.036689791828393936
-0.017360471189022064
-0.024504205211997032
0.0106224799528718
0.0153783168643713
-0.00433014053851366
0.005450921598821878
-0.0009303815313614905
0.01516546867787838
0.011407358571887016
0.012697754427790642
0.008899735286831856
0.0026988547760993242
-0.010901843197643757
0.04344773665070534
0.02900063246488571
0.007995128631591797
0.017732955515384674
0.009957327507436275
-0.02065962553024292
-0.008068295195698738
0.01976832188665867
-0.03820633888244629
-0.015391619876027107
0.020313745364546776
0.0016121624503284693
0.03339063748717308
-0.01701459102332592
-0.002895074663683772
-0.021697262302041054
0.01048944890499115
-0.003957655280828476
-0.027803359553217888
-0.002830222249031067
0.018504532054066658
0.02530238777399063
-0.03820633888244629
-0.003187741618603468
0.012119071558117867
0.0007586891297250986
-0.02679232694208622
-0.021537626162171364
-0.012611283920705318
-0.0029815444722771645
0.011181207373738289
0.02071283757686615
-0.017719652503728867
0.024903295561671257
0.014753074385225773
-0.003214347641915083
-0.019316017627716064
0.0026539568789303303
0.19614006578922272
-0.00025982505758292973
0.014327377080917358
0.02028713934123516
-0.02181698940694332
-0.0035419350024312735
0.01817195676267147
-0.011433965526521206
-0.012484905309975147
0.02947954274713993
-0.048795558512210846
-0.001494097989052534
-0.0403614304959774
0.014620043337345123
-0.011221116408705711
0.014048012904822826
-0.048795558512210846
-0.02108532190322876
-0.006674801465123892
0.02002107910811901
0.0023097407538443804
0.0020104222930967808
-0.025821205228567123
-0.01786598563194275
0.0268455408513546
-0.007835492491722107
-0.003528631990775466
0.005138300359249115
0.016974681988358498
-0.010669040493667126
-0.01078211609274149
0.001398482359945774
-0.0026256879791617393
0.022814717143774033
-0.03333742544054985
-0.007057263981550932
-0.0064918845891952515
-0.0007287572952918708
0.011241070926189423
0.0026938661467283964
0.0064918845891952515
-0.008733447641134262
-0.00763594638556242
-0.03027772530913353
-0.01722744107246399
0.026752417907118797
-0.004612830001860857
-0.013941588811576366
-0.04291561618447304
-0.004127269145101309
-0.041984401643276215
-0.013269784860312939
-0.005544043146073818
0.03272548317909241
0.003621753305196762
-0.016030166298151016
-0.01007040310651064
0.028574936091899872
-0.00541766406968236
0.00895959883928299
-0.014952619560062885
0.01886371523141861
-0.03123554401099682
0.03687603399157524
-0.01849122904241085
0.04020179435610771
-0.024490902200341225
-0.012272057123482227
0.008673584088683128
-0.03227318078279495
0.008394219912588596
-0.012897299602627754
-0.020686231553554535
0.014553528279066086
-0.012032601982355118
-0.008374265395104885
0.016349438577890396
0.0048456331714987755
0.015205377712845802
0.00829444732517004
-0.010083706118166447
-0.011507132090628147
-0.016841651871800423
0.01801231876015663
-0.006096119061112404
-0.024344567209482193
0.016761833801865578
0.007629294879734516
-0.022708293050527573
0.011433965526521206
-0.006538445595651865
-0.02324041537940502
-0.01096170675009489
-0.016615500673651695
-0.006002997979521751
0.0033174462150782347
0.0061060963198542595
0.01616319641470909
-0.008015083149075508
0.009046069346368313
-0.019169684499502182
0.05289289727807045
0.02494320459663868
0.002848513890057802
-0.010449539870023727
-0.0156443789601326
0.010057100094854832
0.017719652503728867
-0.010150221176445484
-0.029293300583958626
-0.001594702247530222
-0.03296494111418724
-0.004496428184211254
-0.011134646832942963
0.030144695192575455
0.02197662554681301
-0.005198163911700249
-0.020060988143086433
0.012112420052289963
0.0020237253047525883
-0.04738543927669525
-0.024650538340210915
-0.004300208296626806
0.009731175377964973
-0.00578349782153964
-0.024663841351866722
-0.01114794984459877
0.022282596677541733
-0.020207321271300316
-0.03977609798312187
0.022801414132118225
0.00038059172220528126
0.0010800408199429512
0.020327048376202583
-0.01054266095161438
0.008281144313514233
0.02193671651184559
-0.017147621139883995
-0.003621753305196762
0.012338572181761265
0.0034587911795824766
0.0007769808289594948
0.018517835065722466
-0.016136590391397476
0.000508009921759367
-0.03142178803682327
0.012265405617654324
0.014181043021380901
0.0022432254627346992
-0.02218947559595108
-0.01601686328649521
-0.02002107910811901
0.019302714616060257
-0.0268455408513546
0.02743087336421013
-0.020899079740047455
-0.02229589968919754
-0.03349706158041954
0.0028850974049419165
0.005720308516174555
-0.02599414438009262
0.004948731977492571
0.01971510984003544
-0.016256317496299744
-0.008826568722724915
0.013928285799920559
-0.16815045475959778
0.0016445886576548219
0.020832564681768417
-0.028202449902892113
0.022641777992248535
-0.010715601034462452
0.0006127713713794947
-0.0037581096403300762
-0.01101491879671812
-0.02187020145356655
0.002201653551310301
-0.017001288011670113
-0.030623603612184525
-0.003214347641915083
-0.00106341193895787
0.005530740134418011
-0.04044124856591225
0.01769304648041725
0.02467714436352253
0.0033507037442177534
0.031049301847815514
-0.02679232694208622
0.008407522924244404
0.001573916175402701
-0.009092629887163639
0.013888376764953136
-0.025701478123664856
0.00583670986816287
-0.00391109474003315
-0.019382532685995102
0.001543984399177134
0.009904115460813046
0.0002065089502139017
-0.006787877529859543
0.0003136607992928475
0.011387404054403305
-0.012444996275007725
0.00895959883928299
-0.01074885856360197
0.008793311193585396
0.016096681356430054
0.036849427968263626
0.0026157107204198837
-0.020526595413684845
-9.64600531005999e-06
0.04278258606791496
0.017520107328891754
-0.0019389184890314937
0.007995128631591797
-0.01737377420067787
-0.015817318111658096
-0.006402089260518551
0.028282267972826958
0.009132538922131062
0.011068131774663925
-0.0024660516064614058
-0.012757617980241776
-0.011467223055660725
0.004479799419641495
0.01596365123987198
-0.013362905941903591
-0.009850903414189816
0.03065020963549614
-0.011886268854141235
0.013003723695874214
-0.006691430229693651
-0.017187530174851418
0.012099117040634155
-0.029665784910321236
0.017001288011670113
-0.02345326356589794
-0.015192074701189995
-0.015072347596287727
-0.023812446743249893
0.00386453396640718
0.0011149612255394459
-0.01749350130558014
0.004972012247890234
0.0052813077345490456
0.008513947017490864
-0.00985755492001772
0.0385788232088089
-0.014433801174163818
0.013243178837001324
-0.0006156814633868635
-0.005391058046370745
0.008094901219010353
0.009844251908361912
0.0070439609698951244
-0.007622643373906612
0.011513783596456051
-0.019741715863347054
0.016043469309806824
-0.0318208783864975
-0.0006722193793393672
0.014074618928134441
-0.011560344137251377
0.0021634073927998543
-0.01706780306994915
-0.02213626354932785
0.015285195782780647
-0.014686559326946735
-0.026752417907118797
-0.009977282024919987
0.03027772530913353
-0.00816141627728939
-0.00013240684347692877
0.009478418156504631
0.038445793092250824
-0.011819753795862198
0.011433965526521206
0.006146005820482969
0.005391058046370745
-0.011799798347055912
-0.008886432275176048
0.03123554401099682
0.008999507874250412
-0.03150160610675812
-0.002196664921939373
0.014806286431849003
0.04275598004460335
0.003084643045440316
0.005144951865077019
0.00866028107702732
-0.019621986895799637
-0.01849122904241085
-0.10488118976354599
-0.009551584720611572
0.017027894034981728
0.028016207739710808
-0.01633613556623459
0.01791919767856598
-0.018078835681080818
0.022442232817411423
0.00829444732517004
0.006890975870192051
-0.02183029241859913
-0.021205049008131027
-0.027351055294275284
-0.016788439825177193
0.02926669456064701
0.00991076696664095
-0.018198562785983086
-0.0010941752698272467
-0.023439960554242134
0.010569266974925995
-0.0130236791446805
0.0036749655846506357
-0.012059208005666733
-0.006501861847937107
-0.018664168193936348
-0.016655409708619118
-0.027563903480768204
0.02140459604561329
-0.00993072148412466
0.02947954274713993
-0.024663841351866722
-0.017160924151539803
0.002971567213535309
-0.00046519076568074524
-0.010655737482011318
-0.023839052766561508
-0.007615991868078709
-0.0011557018151506782
0.015391619876027107
-0.020579807460308075
0.006102770566940308
-0.004676019307225943
0.01658889465034008
-0.0013951566070318222
0.01622971147298813
-0.007888704538345337
0.0075162192806601524
0.03152821213006973
0.029452936723828316
-0.028707966208457947
0.0016603859839960933
-0.022056445479393005
-0.01685495488345623
-0.01492601353675127
0.02889420837163925
-0.003111249068751931
0.0160035602748394
0.006102770566940308
-0.020845867693424225
0.026459751650691032
-0.007150385528802872
0.019621986895799637
-0.0024943205062299967
0.018358198925852776
0.03070342168211937
0.004759163595736027
-0.0022831347305327654
0.004526360426098108
0.027936389669775963
-0.01976832188665867
0.005550694651901722
0.00638213474303484
-0.029506148770451546
-0.004210412967950106
-0.01545813586562872
0.013954891823232174
-0.03623748943209648
-0.004809049889445305
-0.011593601666390896
-0.013662224635481834
-0.006724688224494457
0.002707169158384204
-0.006461952812969685
0.0069109308533370495
0.010163524188101292
0.018690774217247963
0.0003837096446659416
0.008899735286831856
0.005254701711237431
-0.018664168193936348
0.019089866429567337
0.019063260406255722
0.010895191691815853
-0.04725240543484688
0.00492877746000886
0.018517835065722466
0.005893247667700052
-0.011008267290890217
0.01231196615844965
0.010629131458699703
-0.030038269236683846
-0.009478418156504631
-0.07635946571826935
0.015311801806092262
0.008480689488351345
-0.010203433223068714
-0.023493172600865364
-0.007542825303971767
0.004403307102620602
0.0036151017993688583
-0.02087247371673584
0.027936389669775963
-0.04206421971321106
0.049966227263212204
-0.024184931069612503
-0.02329362742602825
-0.024224840104579926
-0.016455864533782005
0.018132047727704048
-0.0005188186769373715
0.008813265711069107
0.03565215319395065
0.002489331876859069
0.0033623441122472286
0.007176991552114487
-0.00680118054151535
-0.0060262782499194145
0.016562288627028465
0.008174719288945198
0.01072890404611826
-0.019169684499502182
0.012079162523150444
0.004403307102620602
-0.013981497846543789
-0.01843801699578762
-0.010768813081085682
0.008440780453383923
0.0024776917416602373
0.005377755034714937
0.00270883203484118
0.03296494111418724
0.015019134618341923
-0.011766540817916393
-0.009578190743923187
0.007456355262547731
-0.0015531302196905017
0.02171056531369686
-0.0005433461628854275
-0.010476145893335342
0.017626531422138214
0.018770592287182808
0.0026223622262477875
0.020273836329579353
0.023479869589209557
-0.0323529988527298
-0.016043469309806824
-0.02366611361503601
0.003087968798354268
0.010702298022806644
0.004246996250003576
0.002637328114360571
-0.025927629321813583
0.027351055294275284
-0.012278708629310131
0.014274165034294128
-0.006857718341052532
0.0021101951133459806
-0.010502751916646957
-0.012292011640965939
-0.0041605266742408276
0.023173900321125984
0.0030380822718143463
-0.011054828763008118
-0.021417899057269096
-0.013249830342829227
0.03086305968463421
-0.0015589502872899175
-0.005321217235177755
-0.020686231553554535
0.03237960487604141
-0.003472094191238284
0.012970466166734695
0.027244631201028824
-0.006232475396245718
0.009026114828884602
0.01527189277112484
0.02715151011943817
-0.0116002531722188
-0.0273776613175869
0.013110148720443249
-0.007256809622049332
0.00805499218404293
-0.02574138715863228
0.027936389669775963
0.011194510385394096
-0.012717708945274353
-0.002870131516829133
0.008068295195698738
0.019063260406255722
-0.00503520155325532
0.0027603814378380775
-0.003927723504602909
0.006728013977408409
0.018783895298838615
-0.00527133047580719
-0.018251774832606316
-0.0023263695184141397
0.009837600402534008
-0.01278422400355339
-0.033151183277368546
0.004403307102620602
-0.005228095687925816
-0.0012346886796876788
-0.010163524188101292
0.007968522608280182
0.011161252856254578
-0.0006672307499684393
0.025395508855581284
0.005896573420614004
-0.02631341852247715
-0.038871489465236664
0.03724851831793785
-0.006172611843794584
0.016442561522126198
0.02028713934123516
-0.0061925663612782955
0.014287468045949936
-0.0018175281584262848
0.033470455557107925
-0.021910110488533974
-0.027883177623152733
-0.006242452654987574
-0.018517835065722466
-0.01516546867787838
-0.03525306284427643
0.003063025651499629
-0.0013128439895808697
0.004799072630703449
0.016562288627028465
-0.0030264421366155148
-0.0069907489232718945
0.037221912294626236
0.023839052766561508
-0.024490902200341225
0.025036325678229332
0.01167341973632574
0.014739771373569965
-0.005464224610477686
-0.005700353533029556
-0.02140459604561329
-0.027138207107782364
0.0020686232019215822
-0.014194346033036709
0.027124904096126556
-0.04887538030743599
-0.012744314968585968
0.013928285799920559
-0.03567875921726227
0.02151102013885975
-0.021630747243762016
-0.00554736889898777
0.0232005063444376
-0.00656505161896348
-0.005450921598821878
0.019675200805068016
-0.018078835681080818
-0.013861770741641521
0.022109657526016235
-0.03977609798312187
-0.017240744084119797
-0.0407073087990284
0.010629131458699703
0.02282802015542984
5.0380076572764665e-05
-0.039190761744976044
-0.005540717393159866
-0.009937372989952564
0.021896807476878166
0.0017975736409425735
0.003184415865689516
0.00803503766655922
-0.003575192764401436
0.026858843863010406
-0.004077382385730743
-0.01971510984003544
-0.006977445911616087
0.02282802015542984
0.0020619716960936785
0.013376208953559399
-0.016203105449676514
